1766
1249
2156
9054
5953
4201
4612
498
448
5896
3303
4610
7848
3830
7320
7227
1217
8077
2236
9143
3411
1328
8966
6402
64
9508
203
1461
3046
3927
1005
5572
3097
4605
1286
8819
8789
5825
2037
722
5635
1306
6224
2367
718
1762
8992
5245
6725
7485
6433
8878
2349
3333
6163
6169
1263
5788
7030
2198
3633
5835
6926
415
3068
585
8078
7769
2377
2998
8783
7704
1429
8902
7783
7142
3607
8948
4916
3806
6243
5513
6350
5964
5251
3090
6533
3890
8763
6810
3202
3798
6198
1145
9815
7045
4097
1387
2746
8651
111
1383
90
6572
3012
1627
7279
1000
4288
3435
3795
9885
200
6984
9307
3288
9500
2261
2934
3391
8747
4190
6785
1499
7491
9253
1756
1266
2753
3892
6750
2137
8683
829
5445
6490
1049
7815
3257
323
4272
2276
6665
9636
2821
9373
9014
2
4332
9067
2838
9003
5160
7648
4887
3110
3005
3843
2346
5710
7665
3337
2451
6296
3977
75
5730
7377
9583
2076
8223
2355
7453
902
9461
8363
4687
2270
9035
6784
2446
4631
1312
3079
7942
7013
8733
8456
7721
1064
4751
7978
1050
1267
1584
2918
2594
5324
6610
1142
4525
9140
218
6026
5795
5122
715
698
6659
5159
6457
5391
1292
7159
8472
8252
7176
9290
2694
1969
1025
2516
1916
1083
5732
7662
7657
1073
4327
3030
4805
82
4844
3191
1153
6034
9554
3682
7668
2508
1859
1589
7006
6226
4903
7034
3617
2936
5411
8879
3934
7973
8097
2165
9312
7771
3732
6291
3115
841
3849
9168
2322
7797
1836
6201
3814
5717
9133
5919
6187
4743
1799
1234
672
2208
9486
4079
9800
7135
3278
8251
1209
3683
1451
1619
7972
3946
2565
3
6835
463
9964
6708
8059
2784
5107
1441
839
6529
1239
5865
9559
1309
1597
5096
3652
2314
8334
5408
5059
6179
5915
2443
7037
35
8102
7415
1547
4752
8284
7301
9097
1378
2105
5349
4206
8366
6716
5661
6526
4431
6105
9226
2247
7057
9341
5044
6644
4639
6939
3646
1950
8224
9098
48
4696
3886
6465
7874
2151
4302
7495
9311
9260
255
2275
3802
394
5493
4169
5393
7780
7066
3816
7293
8000
8349
3495
3486
4498
3053
4445
8006
1222
5219
5863
5511
5592
5093
4346
3895
8133
4369
7728
7343
9979
5950
5746
5497
5936
1246
8785
4078
4042
9528
3134
8008
6957
2658
3124
4157
7372
8703
1184
1099
3694
9677
2933
5517
4313
2384
129
3562
5972
3149
3085
2554
8897
6745
8490
3438
3586
3822
1659
1022
5597
478
6927
6280
6348
2376
8443
8562
1929
1847
8163
7554
341
1742
807
6418
9507
933
8506
30
3764
2038
7674
9647
1889
8149
5054
1194
7273
128
4127
5426
2216
8455
9231
1160
8220
4748
5052
8513
9299
1178
6085
7832
5962
3574
7575
6053
550
8542
8903
5273
2976
252
2985
366
516
8298
9225
3698
837
6214
9503
56
8813
1535
2073
3174
293
7712
7371
1071
8201
6993
2718
8425
7890
7118
9590
1457
8164
5240
5899
2983
1555
9271
7369
809
9722
57
2353
9219
6994
7206
8505
414
4068
8175
8467
7933
5203
4981
8100
650
470
3348
7188
7788
6564
5642
6980
2687
7503
3834
7302
8053
1817
3692
405
9259
8331
5432
5233
9176
855
1716
6414
1697
8180
6401
7469
5457
3657
5142
8934
26
4244
4880
3585
3748
1036
785
5617
7266
6600
1466
6513
6100
1110
9301
8708
2122
2132
4888
6323
4956
7015
5153
9673
7158
180
594
5345
5872
6799
8550
2219
4669
7020
535
5089
9532
3014
6273
2248
4926
6782
1781
1315
5568
1539
8657
9882
980
6289
3138
8626
6325
9104
6268
3478
9399
5121
9041
54
7945
6573
7757
7765
4432
6313
751
965
102
8040
9899
9408
3733
9409
8614
1117
8452
6536
2271
1685
6417
619
3731
4164
5960
3777
3672
7003
3074
5885
1901
2157
3323
1473
4757
4766
7834
4019
1713
5154
9779
9903
986
4442
7937
4168
1667
9295
8756
6265
5008
8372
7661
8090
8515
9328
4183
6516
2378
3070
8229
9065
6145
6597
2549
3413
9965
1098
1542
4392
9324
9397
6010
3123
9327
2204
1070
1189
7782
4680
6076
409
7911
9900
7553
1851
8931
921
9413
6040
3262
3159
1470
8863
9105
1128
588
2897
7896
2662
7893
3092
9576
3143
7670
3916
7828
1191
5843
3282
2069
9758
556
8803
9954
3148
4171
7490
5654
6242
1014
6381
854
6541
2028
4632
7259
6419
7799
4336
6746
1250
3167
6464
920
6455
6413
1344
1080
2303
2179
2493
6276
3239
6096
3967
5889
568
4845
3447
1974
7988
2287
9869
2288
5945
212
8268
9937
4058
8132
9460
1241
8165
3955
8374
1734
5691
6505
4672
1271
4112
5501
122
2655
9990
7345
2125
9526
682
8171
1377
8305
2039
6174
4662
730
8453
9246
1002
3194
4103
581
1314
5118
3648
5643
6974
2056
5541
5471
3422
609
5724
7319
9982
1028
3964
393
9171
9317
6343
6721
5564
7131
1935
1137
7323
3077
4617
5092
4472
3320
4801
7191
8595
7539
7904
2695
8214
9540
8856
6504
4126
5688
2304
5259
3538
6386
2420
4711
2600
618
4144
8880
1248
3997
9889
4829
6275
4082
6757
444
3431
5577
9574
2141
2242
3596
6472
3291
9318
562
1072
3377
9320
2015
5955
1224
9264
8959
275
3157
7065
5025
2777
4730
8029
6271
7086
337
9711
6625
2046
18
417
4785
6027
7958
4578
6695
4165
7620
52
429
8636
2676
1332
1545
3875
2459
9087
2079
4989
9129
8387
2177
522
2949
1213
2872
2234
6933
9079
3794
6924
9837
5002
1672
1303
3269
2832
9173
7606
8493
820
8764
3588
2851
1148
4220
5697
6183
4461
6082
7362
2400
3234
9916
1948
1872
3829
8471
5365
4988
149
4911
8752
3057
3513
8700
7322
7989
3351
263
7128
1394
225
532
528
2330
959
7915
8167
3779
1019
5179
5217
2345
3978
9384
3263
7664
7626
9564
1773
3746
4380
7011
17
6180
4440
3272
5297
89
9157
2509
8698
2786
7051
7483
4107
7697
7547
2444
5370
2194
3139
6263
3197
1621
7880
6049
800
1608
668
10
1757
6999
1326
6838
7182
9792
6518
1237
5882
6673
6029
1570
6050
8118
8196
5479
2582
2262
4348
6878
8221
6114
754
9933
1311
3677
8151
1096
4788
9720
1105
1850
2203
4724
9932
4350
6981
4596
1485
524
278
648
9542
58
7659
4427
4010
838
9279
8408
1915
1744
6456
9432
7908
1196
6435
2887
2653
9006
2953
1986
8198
1047
5818
7328
4182
764
3329
5009
2011
7476
3006
9257
281
8627
3841
7998
7909
7417
1550
1926
4389
4943
4130
4906
7708
9248
8136
163
127
7977
3620
8984
2629
480
7932
6959
1512
4494
3702
3766
645
6683
2778
4877
4259
9866
204
2857
4929
1553
1008
564
9302
2960
2480
1024
5575
9817
3860
9163
6204
5325
3408
3650
8496
2526
2908
2510
7872
7274
7996
4391
9352
199
5914
8663
3703
5729
1862
7582
3948
2411
7974
5005
6602
952
9382
1671
3640
7443
1418
2403
7359
8881
5751
4439
9547
7433
6257
4145
7173
1694
372
2682
2102
1015
9236
5491
7500
7723
6438
2801
3576
2822
1725
4950
7084
2095
4166
7330
6719
1407
5779
4776
3944
4359
1254
6051
9875
1703
4329
1225
269
8421
9620
9544
5120
4658
1474
3025
1171
3568
6576
6411
2988
758
3354
6416
8332
5905
5817
1285
1365
5811
9169
5056
3765
4345
6762
4860
287
1459
5281
1397
5846
4747
5929
8041
144
7285
2929
2719
895
1957
6880
9610
8917
1295
314
4547
6965
2087
7730
831
9427
9468
6807
1765
8740
2957
4675
499
9036
397
7640
9434
3632
2739
6378
8073
5916
878
1260
7562
5067
9459
6515
3421
8556
5287
4608
1707
91
5439
1400
5272
601
533
2062
2840
8146
1938
6315
6850
9886
1453
3186
2126
2649
9830
7543
3076
8445
1500
9810
9419
489
1493
7719
3118
4764
7700
4091
8152
7165
6901
2231
1870
803
1323
284
2836
2477
4986
8674
283
9719
4705
7542
9074
6391
7134
485
9357
5255
9076
1262
5372
7049
7234
8155
9497
3942
9701
7253
210
5482
9517
6069
7803
273
4088
3416
5549
3979
5526
5047
1936
3247
6306
9919
797
3831
6415
8277
5834
5634
7785
9666
8328
4976
2099
308
7467
8736
822
1210
9816
2882
2945
130
4122
4856
8788
261
4598
7570
4381
7080
6385
8609
9572
4643
8416
6097
8578
3685
7123
1021
889
4624
471
5583
8714
9676
5880
9026
3518
2066
461
8924
7175
1953
8605
7059
511
9566
9470
2098
6227
9380
6024
9970
7966
8187
8962
3253
4512
1462
6753
9870
7608
5527
1450
4802
2131
5469
805
9611
5113
396
1371
7348
3660
3265
7612
202
6493
8391
2386
9929
9851
7759
9911
4180
9164
6749
6286
6185
6199
2700
2052
5371
4587
9474
2782
9096
7024
1732
6264
8617
3341
3314
2618
4683
5924
7407
4095
1911
1679
9154
7193
8932
7368
1522
483
3991
5966
185
5447
3071
1136
4813
869
9244
6943
5659
1034
6460
1364
3204
4777
4044
9115
4900
2724
1276
4721
6147
7337
7169
9107
3000
8409
784
2138
7789
2596
553
5294
3230
6119
7167
8333
153
2331
644
5406
4665
8274
3146
6897
512
2881
5197
6021
6764
1057
8062
7153
9801
9015
4523
6393
9125
374
680
551
6266
9993
9784
2878
7642
8377
1776
5444
5028
9917
1444
3553
727
4850
145
7094
9622
9644
8001
5339
4226
6953
5302
139
943
5381
692
3066
3522
9807
1408
6763
5227
7349
1033
1037
5687
5236
9012
9430
3599
9864
4571
9192
567
7451
9010
371
2286
8004
441
9751
4075
2146
3539
3444
8532
4008
1643
4858
1605
4915
3532
9440
8045
5991
9714
1797
3919
9063
3226
7421
2337
4794
2428
8184
4762
2793
6687
5908
4487
5993
4382
753
2879
757
3708
8648
5489
5923
8889
6544
1912
8269
4167
2155
6690
2993
5612
1909
4045
4235
179
2388
7147
7018
6195
5334
2977
4663
7795
530
9818
2825
7510
7299
4267
1648
9240
1114
8104
9858
1824
7404
1305
9989
792
5947
8487
5683
5704
8039
9463
1661
3569
2859
9901
4651
4140
7984
6022
2601
7430
7929
8876
7747
7919
4867
6235
5338
3347
2163
8336
2913
6783
1030
748
6861
8361
8469
8017
8249
7506
7921
701
5402
3695
8354
6333
8887
2511
1753
8261
7882
6157
3838
4948
7798
4309
8226
4572
6483
1604
164
8498
2763
3508
6844
3133
9638
3078
8364
2334
6168
1027
2781
9941
7569
936
7035
2336
5241
5858
552
8430
783
6366
3088
4548
9523
6969
1458
5848
9487
8126
4066
3429
913
813
421
4677
11
1945
6971
2313
7005
9393
1104
3541
8585
5312
5523
8337
2220
833
1333
7732
3945
2430
5801
8741
140
1180
4636
4276
2723
8619
1921
9662
1691
1913
1302
1651
9242
2366
3894
659
1179
143
1796
1282
5804
4784
3641
6150
6837
8662
5053
8526
7563
9237
7558
2909
7436
2965
2527
5560
5223
1307
184
1293
9826
8969
8888
9585
6906
856
5644
9623
2762
9795
9617
763
7039
2737
6436
7858
9774
7117
7596
3913
4580
2257
741
3956
9206
9272
5266
2215
7906
5529
5820
4786
7599
7967
6329
3558
1939
4234
2445
5261
3442
4207
5763
5172
49
5590
5387
8031
5619
7970
9798
2970
9775
3653
5823
3778
9325
5104
3598
8125
8
6502
9336
4674
6231
8791
7960
3696
2858
9868
6450
1403
1228
8197
7419
1011
5230
6700
3179
452
8565
3701
5124
804
9856
8976
6710
9955
3966
8968
6812
4368
4365
2152
8432
8145
8462
4456
2660
4644
6344
120
8474
9227
7114
7360
5954
7225
9877
4536
1858
3024
1203
7262
4842
3815
3520
2728
2633
7122
8571
6653
2900
408
6900
7613
6606
9525
7170
8850
5097
8190
1414
9746
5064
5878
9586
7841
1454
6124
4613
9403
3023
4698
8114
686
4410
1592
6281
608
4376
3087
9879
7087
2520
4160
7870
6995
6676
4423
4129
7257
6525
4528
9184
9057
1828
620
5900
780
6321
5981
1513
493
3267
311
9172
2293
4588
303
2495
5373
3726
6931
2043
8038
8263
4085
4914
2741
1525
3773
9493
9832
3668
8551
2697
377
8147
9103
486
1802
5807
9741
3440
8751
2279
7033
9768
2666
5959
3390
5452
7054
6982
9793
4253
5588
6194
3524
172
2323
1138
4343
3299
8020
2875
4769
6295
3117
8407
1456
9721
4458
2318
4443
5787
7408
2894
5490
622
2966
7351
3891
1351
641
9288
845
6503
4119
9771
5754
4828
3951
1329
7567
7810
9661
9254
8397
7136
8271
7318
9509
3223
8525
2820
2638
1504
3467
6781
3318
3073
5215
8105
9754
728
198
5994
105
6429
1219
3957
9316
9651
4761
1835
6569
7431
629
5237
4934
4973
4446
6170
6624
938
5116
5533
1892
8610
4526
9967
7056
6923
7609
2260
9841
5450
5190
7230
559
7164
9934
7380
8183
3060
3472
8367
5205
1750
6524
3228
4516
8678
3855
6934
7149
9347
7471
6824
8638
892
2683
6811
3674
2704
1884
5413
3565
1043
2307
2974
8245
8369
2867
324
6421
1174
3884
5077
1167
7634
2926
5414
9245
696
5629
2238
9891
8862
4502
2237
7295
5023
6790
4360
8486
7240
3965
2111
1965
4240
3502
5709
1845
1442
7926
4574
6161
3973
9481
3104
5669
6057
8358
7629
178
9277
6278
7679
1832
9024
4094
8632
1056
8755
9297
8822
9051
3639
5990
657
7777
1943
2090
9699
7851
8047
1205
1895
7444
2760
457
6383
9953
6893
28
1065
7174
6123
950
8583
1898
5652
4961
4792
1708
3468
8174
2967
5603
1321
8762
2031
934
7561
5847
8027
1917
580
1111
2299
4603
4334
3493
4570
6737
4217
3366
5282
3547
997
2121
9423
4938
771
9292
9539
2963
8900
8119
4878
5637
4151
7857
3102
4296
1942
5422
7928
4108
5814
6165
1067
5799
6657
7867
4718
2472
5606
8070
7504
6834
9018
660
1020
7389
6341
670
2168
7533
3807
4335
8123
8371
5299
994
8933
4011
6827
3963
3563
7125
4448
3307
4371
4960
8054
7806
6578
479
5978
5920
1046
5130
8825
7808
6856
6390
7113
9913
4750
4328
8479
9375
7466
4278
5963
2005
3880
430
2636
1692
4560
4539
8953
3719
9358
4139
939
201
9601
3873
9118
1510
9131
6066
3417
926
1702
9794
4266
3954
8677
3611
3215
4209
7245
4866
3376
8222
7494
7449
7628
3561
1565
1381
9092
1970
8169
3093
4996
8621
3098
5680
3906
9047
5540
1129
7036
915
1551
3266
9369
3238
4218
7688
7940
6110
977
4420
1438
6247
6902
9668
5655
5061
8257
6065
6522
226
2541
6795
5033
3714
8676
5982
8154
7887
432
7667
7941
3103
2634
3340
7863
1951
2463
6618
7238
1132
501
3759
6139
4767
6592
3395
3666
7936
338
6848
1330
7993
2743
4197
1585
5415
6862
3437
8612
4655
3567
1346
2759
3914
8386
782
5115
5971
1689
9412
6088
557
2265
1530
1085
6437
776
2467
5666
9713
2631
6733
2382
1479
3930
220
6299
8694
2295
9819
1803
8200
3550
5743
7420
8710
4133
9345
5164
1566
6478
5716
8256
9442
8730
2721
6270
6396
7801
8766
7934
7755
3684
8790
4871
694
834
7288
2145
5040
9599
2358
4113
4969
4998
9161
1829
8129
9567
2505
4727
472
2938
9756
9340
4932
5737
3059
1112
8003
8618
7473
2961
4083
3151
382
7773
9445
9444
231
2639
6743
9332
8539
678
9608
1769
9070
8777
8042
9515
3205
523
9918
7748
6221
6311
1215
2282
5055
8705
5636
5664
4014
189
7681
6491
1357
8094
8782
2302
7487
3096
2083
4146
1987
1230
9563
9827
9446
8920
8182
992
7617
9957
81
8218
7357
322
2101
1557
4415
5021
1631
1838
9727
4543
4229
3971
9234
7441
8161
5938
1035
8600
5531
8993
317
7727
4886
2656
155
3582
34
1417
7524
1334
1944
2738
5706
6428
6911
7573
299
2123
3170
227
7652
2475
8818
8564
29
6389
3015
3245
3037
5180
364
971
5918
6942
5099
1587
9291
8977
5436
8739
3754
8117
4716
6498
947
1317
7764
8990
1903
4946
9386
5017
6358
7715
6884
9521
3881
6686
6519
7340
1990
7365
2362
1437
1054
74
4530
4306
1478
8531
3968
4917
4623
1695
8232
2174
1155
658
7959
4459
5974
5204
5530
6881
1949
4373
9208
8470
6440
1368
8417
7530
6540
1775
3699
4067
649
3217
1358
9939
1320
2802
5156
2559
3248
6248
9443
1586
9628
8228
6318
125
9022
6232
9134
9052
868
6667
3120
5293
1752
6251
3852
482
2941
9095
2424
9883
4690
779
78
2009
5922
4478
2766
5607
6144
6479
1668
3725
8502
1452
9270
1352
2610
747
2448
4468
8720
5816
2100
2097
3313
5087
5831
6304
1233
2218
6098
6084
353
6553
5658
8665
8035
4479
194
7385
911
6840
3369
9961
6859
5764
8179
6651
7781
9400
2625
673
5144
466
3160
9512
5134
2311
689
7052
6768
3100
1413
898
1976
4233
6612
4424
5598
4556
759
9908
7399
1652
7333
1928
3342
8738
6499
7249
2542
3776
2619
8940
6691
6485
4492
9450
6677
4779
3780
2991
6115
4250
5796
8012
4413
1972
1336
1657
7321
3825
7827
1658
2036
2094
1265
602
5214
1822
2925
3767
2578
8278
1740
9923
1006
3182
7859
9524
2576
561
2707
3206
9322
1538
1280
9895
4700
4236
8019
897
7126
190
5102
3915
309
5274
5246
8508
7180
3931
7413
8918
8985
4566
3994
2969
3969
545
1242
3035
5902
3425
2797
3507
2488
1240
2171
4586
6494
1362
8273
7183
475
4565
975
8641
5341
9570
7807
4725
6177
3283
7512
433
8343
796
4064
5639
638
8046
3665
1656
577
9377
3854
9609
3811
291
2892
5684
7523
7627
853
2674
7746
7636
21
6442
9398
3763
8099
132
2888
9874
2932
504
6706
8127
148
8139
4428
211
423
8264
4279
4503
6148
2192
1771
5927
3193
1059
3535
9381
3925
9287
7355
1677
4935
8575
1374
4653
4162
7931
6775
7595
9778
3198
8022
4778
7069
9520
1532
7309
7447
36
9094
3889
3613
22
8973
7224
7718
1655
9265
1645
2251
4977
633
693
4192
6178
7008
1176
4859
4819
9568
636
1087
6814
7982
8406
3980
7565
7515
8483
7272
7311
8250
6388
9186
3761
7641
5459
3306
2591
674
2756
3571
9123
9262
8886
4564
4059
5098
3082
1601
985
2136
4499
7924
398
5175
5085
9034
7004
4469
2876
3723
5466
615
4467
7156
2395
7768
4232
392
7132
2041
347
4213
8176
2277
2483
8322
7854
6387
978
6723
9824
4734
2607
2716
570
893
2047
344
6368
2053
3796
7811
3950
7527
8709
4749
4426
725
8388
3075
9654
8330
306
714
5249
3871
3260
6362
5433
6771
6793
5386
5013
6626
1812
9700
2159
2158
2921
2685
2394
8613
3654
7625
9044
9951
9388
2092
170
1823
3704
3663
9030
5700
5308
8712
8707
4466
9148
3862
2544
918
1495
9261
2010
4870
3622
8811
7791
7414
5428
8439
6410
6563
8242
6191
7581
646
5739
1800
2795
7897
729
8344
1644
1600
412
3317
4874
3213
5427
7939
2624
8951
5311
3451
582
8553
6342
4436
6160
5973
6720
5088
9978
2725
3959
1520
1724
3009
9282
7571
3227
3750
7298
8974
1347
663
4857
9738
558
4533
8936
3083
1874
7499
1144
6054
5632
6353
2776
3047
4629
4768
8970
3352
5286
7157
2258
6661
1818
5869
7580
5094
67
2705
2050
7676
9435
9535
9541
4694
1411
1743
3898
1218
9362
2027
1787
9823
8560
4039
2008
4583
4847
7445
2775
8279
8837
12
7046
8325
4791
890
8286
9626
2733
5321
9367
2325
8847
9935
1327
9426
3859
3600
5167
7772
8643
265
2442
8883
8311
5932
963
6555
2319
3259
1559
9855
5355
3061
6874
563
4567
4515
6865
5734
9495
1223
3158
8346
8588
5638
4922
3029
6044
6806
6883
8255
4577
3240
4970
7743
9708
9733
9360
8909
3460
454
4438
4559
2210
1366
1993
7181
8365
7243
3554
9587
3394
6779
983
5752
1273
1931
6593
2717
3028
860
2866
9686
596
6220
2327
1486
1728
7459
5464
2994
2116
7241
2710
462
9888
2788
3865
1188
9597
4832
1101
9831
5333
9981
6101
123
7342
8808
9625
2987
6979
6998
9782
2370
8945
9742
3439
7260
7538
1810
955
7228
9350
8568
435
2713
3516
1736
2931
5475
7264
7137
6638
8037
6468
2814
2735
1212
6609
1582
5423
1982
8854
6216
326
1166
713
9061
1975
9760
3827
7428
2176
215
2519
6451
4251
8013
8983
8137
3896
4351
6108
572
8234
3218
3498
1616
3038
891
7032
316
8635
7109
1979
1887
6078
6722
7762
4936
9152
1871
1376
2750
3316
1296
2661
88
7660
9804
3062
5907
3051
3982
9147
7199
7507
3164
6131
4704
5942
235
274
2670
2280
5106
6300
3287
8702
13
8731
8488
6803
5200
734
9633
3044
1638
2703
1207
4312
7236
6253
6087
5507
5503
2397
8441
7102
459
8267
5385
9828
7737
2267
5330
187
4876
8836
3897
7168
5342
7416
2531
7231
9155
2199
2416
8050
2134
4894
4188
5105
6032
1579
9805
213
8143
1978
2119
114
8563
9809
7203
4450
5792
5770
8821
4012
5866
5791
4508
6272
7724
6059
7204
6439
2989
8950
6394
1388
8693
1455
3270
4531
6104
4102
1738
333
2340
4400
6488
1989
5498
1562
3402
6570
6340
6804
9491
7968
5136
236
1660
5199
4298
5903
4809
1350
2351
356
4497
1837
4308
4997
2986
2450
2747
6352
8341
7450
8566
5014
5368
5320
8946
8750
1095
8478
6776
9514
3312
6822
4062
6461
3853
583
1120
6732
1115
2794
8602
5346
1158
8957
2000
9071
7611
3921
903
7179
6829
3998
9275
847
1100
4384
9927
387
7076
1790
23
3910
2431
4955
3128
8579
1509
3033
3833
5336
4910
873
1899
5806
4407
238
4016
6872
38
3142
8319
6094
3031
3521
3022
147
2249
7239
6983
5367
2434
2481
183
6006
121
7631
881
2770
3851
5328
3735
3647
2180
3136
3705
2423
327
4131
6899
9128
1380
9863
9212
2497
8696
1124
7374
3821
2254
6797
6070
1348
3111
4282
7398
3338
9465
2521
5769
8501
6244
5496
3388
5766
31
4483
2968
9488
7826
1175
4737
4056
8376
575
6964
1754
6434
5174
6146
4817
5911
7883
8052
3619
6574
7954
7672
3992
7457
1647
5114
7923
8593
5019
3319
2842
768
5478
8642
2589
1102
2810
5790
9947
6254
5456
625
2950
389
9113
6702
8690
4908
7520
6607
4584
8529
2202
3753
707
1161
4843
1793
775
339
8204
3610
4968
1446
8802
2315
8011
9007
5946
2898
1221
6067
1313
9786
7796
1497
7306
5521
1925
3236
7876
8792
3589
2729
160
2528
9211
9966
4290
8393
98
6217
2235
5727
1195
2911
357
5554
3575
369
5778
9565
2880
9871
9847
9593
6025
8089
1430
5270
2356
2040
8412
9698
9112
4303
4775
8440
541
2651
276
9449
3434
6013
8259
3730
7067
4096
310
3343
3533
7981
5434
953
3805
443
3669
9207
1745
6940
9363
4928
4
77
7143
6909
1253
586
8967
4852
7800
4990
4366
5158
1342
7277
6958
2896
3787
2513
6092
8548
2364
6713
5862
8938
6765
8427
3635
3309
7658
2140
1718
2274
9037
8737
6547
5768
2701
9641
162
9557
7983
5216
7411
2905
7733
1517
5662
8697
8458
4000
8378
6008
887
2055
9101
7699
8351
1506
7326
5143
7593
68
3375
9664
8394
7592
4475
4152
8156
3161
1569
4249
9670
9972
2164
5679
5038
2757
9690
3039
1206
9405
9116
2018
6392
6288
2734
9880
6970
2599
2104
4793
361
2324
2706
4592
9968
2048
888
1272
380
8484
5022
676
2308
7879
7622
605
8296
2507
2387
4697
3119
2584
9334
7767
5647
2212
2874
3122
9996
3363
2518
94
6233
5396
8576
2305
6586
3680
7148
6809
8010
4020
2244
2272
3409
2964
7706
8266
3597
8670
702
9571
7965
1564
5665
6277
4225
1268
6173
4509
1960
7949
2469
1900
9407
2368
2496
7557
1876
9844
9665
8561
3254
3497
3995
4875
6000
9189
5279
2241
5150
5183
8396
7254
922
6357
3549
1893
6527
6786
2361
6579
8999
5181
8079
3433
8594
576
3706
7161
7303
5461
3277
7108
7386
3183
880
2691
9781
4344
8225
1719
8466
6945
9759
9734
370
1848
4060
5738
1091
6701
6539
9893
1162
9441
7406
9410
1367
752
531
9228
2828
4342
1514
6294
5930
9534
8422
3490
3491
1715
9249
5943
6888
9501
8535
7378
8543
7671
7574
5208
473
5360
2081
112
1488
899
3900
2577
2197
6484
7215
1618
4710
5207
6126
4816
4263
3418
4245
6218
5232
8005
6955
4971
3212
675
1654
4173
5749
7860
9068
4264
9582
5593
5016
1554
3214
8844
883
681
6679
3839
2855
2606
7903
8185
6863
4885
5307
3327
8315
4883
260
4172
6137
5580
5127
9144
1934
6072
8826
5667
169
8991
6153
6506
8096
4109
4709
2586
5357
6568
4476
6816
289
5845
840
6015
9111
6193
3996
4664
5484
9556
2954
8419
4772
2514
6283
767
5800
8794
5640
5735
2006
591
8867
5318
9343
917
7531
699
2698
1712
7578
8036
5195
5605
7855
4364
40
8055
8833
4872
1370
7048
5176
1791
8492
8370
7486
7632
6309
8603
9613
7363
9274
1908
6184
2049
5685
9235
2269
7987
894
3137
9329
9765
790
7787
1863
2686
4789
7731
2937
529
9902
9840
5359
4324
1577
9735
5184
8087
964
9224
7722
4579
6489
1340
15
1706
7551
8611
1116
6975
171
8732
8538
5767
5626
7754
8570
4435
2539
8434
8599
9335
6033
1599
8754
9581
4907
8348
3367
4398
1641
5222
8092
8426
8056
7901
8664
6258
8253
3382
8335
5569
4524
3427
1106
4040
9300
2533
6633
2492
3743
4293
9333
6623
3882
9596
5912
6427
7650
2321
6004
7885
9718
1386
7990
4163
1676
6913
6002
4189
8254
1937
4923
1572
9912
3953
4591
2296
2426
5289
7332
1869
1318
9660
2955
6796
4185
7480
5486
1815
9298
9456
9120
7218
4480
250
2256
3528
9814
157
6511
1971
9280
5004
4899
6495
4569
6857
5555
9867
3026
456
5440
3529
941
5244
4354
1505
2935
3523
9589
7354
7842
5045
940
506
3722
1356
4074
8988
5337
7198
1933
1409
3689
6761
4753
8280
3448
3536
3899
5822
5177
410
1156
7526
7600
5543
4519
9658
8997
879
3867
549
7751
3901
4485
3208
1140
5250
5470
5163
3400
7305
6963
2535
6430
2512
5048
4379
967
6482
8285
9833
318
9648
787
4184
3308
8362
9938
154
4247
981
691
32
4667
1755
7210
9223
5836
9383
4178
6407
7845
8842
656
4637
9326
6192
2530
6925
867
7424
6061
7913
2371
6189
7844
712
6976
8400
3531
6023
3688
3752
521
7472
4695
8352
8860
4465
6509
5340
4149
4106
4186
3441
8769
3274
1281
2166
5940
9643
9145
3081
3484
9948
7637
721
7583
7792
3936
9750
814
6089
25
9930
2499
2823
2501
7914
6631
7821
9315
7367
6801
8848
3631
9100
851
9075
4706
8816
2427
3109
9562
8905
5081
9743
6629
428
419
9892
355
5876
9187
1289
3961
460
9909
906
9376
1009
3324
5006
5557
1518
3084
5474
4827
8292
5377
8596
1121
6190
6825
8954
6334
3432
9191
538
7555
1421
8442
4307
5317
9153
8742
778
3166
2230
1300
8554
4341
99
5109
6724
9117
8511
4967
6287
7112
4815
214
7144
8345
9472
6045
4703
3397
4756
5173
1963
6922
3284
9607
4627
6017
4763
5508
8592
8858
7655
5344
6241
9878
9702
4806
7139
762
4041
4070
1593
3542
2912
3866
6660
9695
8658
9999
5256
1325
825
6990
4918
8536
7519
923
427
6860
8692
1396
4203
9448
3594
4937
3209
8203
8799
4065
960
5046
4013
7401
914
3987
1891
6747
6310
5326
2070
4404
5267
7438
1830
9088
7255
9402
4009
6470
7861
3510
6236
5003
5827
8559
720
667
4464
3540
5998
7560
9685
7794
3570
5211
793
4408
7997
1663
8122
6062
3362
5516
8297
349
262
5886
6338
976
2956
9649
9777
4417
7283
5832
7100
3220
2014
6642
4072
3645
8290
8947
6229
7324
3893
9630
6138
5892
724
5398
2129
8911
5198
9834
5519
613
5264
949
5278
8547
6346
5837
1861
7534
8243
9483
957
2536
8758
7221
2769
9267
733
5170
1147
4551
8721
9090
4773
4919
7226
7492
710
2620
598
3556
2997
1427
8964
8248
1902
4212
4385
1620
2592
2990
1134
9338
6961
2616
8975
7549
4634
4474
7141
8044
7947
7775
1384
8431
8952
6206
5676
3566
296
849
811
4966
1404
5376
1581
5868
7021
5794
8717
5191
5559
9650
3989
7184
7813
2239
7895
4958
8795
4125
1882
3818
2744
1082
2374
5504
1767
5476
8028
3876
400
5280
9069
5775
9550
8701
3975
9627
9122
5319
5599
8620
5129
4081
2895
7607
7707
7678
1475
4746
1256
7814
7041
8083
843
9697
2870
4720
7336
313
6164
5693
6359
8545
9304
378
9763
9724
9602
4035
6726
5041
7177
1055
365
1536
9005
8212
3211
2944
5455
3040
616
5125
4053
6446
4581
6140
7614
8587
824
251
8446
1833
9085
3671
7894
2722
7103
8075
1252
3904
4414
3379
8890
9401
6182
5714
1866
230
5435
8749
2284
4881
4318
5488
9220
243
9731
4682
6937
8153
3065
7875
4110
5258
5453
9239
8121
9791
6590
6121
3331
9138
6997
7621
1010
8236
4248
7957
3618
7862
1469
5674
5350
7619
4323
4563
8316
1164
3812
8375
595
7429
3125
4036
4957
684
2504
4310
1794
1190
2517
9205
4800
664
6739
7418
3175
8465
5610
8770
2566
7093
9548
2017
9740
8922
4902
2108
9615
4504
4983
7698
3790
9558
3990
9546
1653
5906
3244
2033
4836
4455
2154
2233
8928
5030
7044
1905
6267
6664
8414
8716
8544
8804
1782
5525
5696
740
2558
1674
4142
8389
2819
9639
6707
3823
6517
6895
5327
1310
9672
8699
5747
6462
7072
9127
2117
2185
6135
584
6936
4352
4191
3368
8381
9181
176
9936
2889
1090
4995
1563
8275
8884
437
3477
7096
5985
2799
407
2524
7002
6081
5112
3221
2754
781
2350
8978
974
2440
1537
6454
2183
3782
7400
1640
1208
3293
7297
2883
6728
6831
2354
1549
7284
9011
3537
8735
3004
249
6654
5458
2476
4463
8072
7291
2958
8209
882
3242
1468
2745
3869
9283
6604
1932
5984
3670
5304
3328
505
3739
688
4484
3383
4034
7744
1093
3681
3659
7127
3332
4211
4331
1819
3419
3757
1294
2545
8907
6890
924
8659
2172
41
3064
7677
7070
4299
3055
9642
8454
3615
9080
3527
7717
5091
2221
6282
1216
2320
886
6645
2574
6978
8359
5196
3828
1069
8981
6734
4715
7601
1133
4086
8567
7038
8428
8461
6001
5480
9247
4808
1857
7537
9545
4286
3519
2548
5618
6209
3911
497
5553
7820
2515
7886
5069
6853
9437
3560
5224
7594
5657
683
4949
2369
2071
9592
474
8555
8299
85
5999
6152
7104
5168
2854
647
9392
5210
968
816
2684
7463
320
984
8399
7446
8577
5613
8504
3744
496
4069
8831
9513
8942
216
5786
2579
5663
4375
6599
5392
6912
4063
4666
2471
9910
368
9787
2091
5884
8582
761
4558
973
5677
2587
7701
537
9135
1854
709
9744
1103
1135
7220
7816
7250
7353
8314
8418
8838
3621
4289
4489
4649
7270
4055
3268
1245
16
7927
3939
5711
1379
4681
5939
2127
279
1940
294
3715
4601
3488
1606
8384
2664
810
4597
6473
2474
7216
9506
4315
2890
2341
4388
7938
8241
1749
946
6162
7101
8071
286
5925
8066
1440
6086
4810
1491
4740
3543
2711
7692
6842
3453
5883
3885
3877
7393
910
6111
3080
4491
4311
1244
6347
3736
2447
7115
9436
634
4395
4825
1761
319
1445
6954
4930
8843
259
6637
5421
4905
8572
9598
6798
1827
6458
6397
6237
8980
1199
4301
4731
5178
165
7129
4507
4462
4782
4477
8796
5412
4132
7460
1480
108
5138
2213
3658
9028
8963
8082
7603
468
7381
6864
1255
4864
5446
7160
502
7752
5495
765
5133
107
5713
2774
3487
9577
2800
6714
5095
7412
5921
5904
2214
1920
3492
5813
956
1277
717
9429
7130
7639
3415
5602
7812
5189
7948
6918
7083
5935
5901
7116
2726
3868
2421
798
8660
9013
7358
2903
6155
5050
2808
4931
8258
3443
9050
6230
5296
2791
7694
352
8533
3475
3216
9391
2012
7618
5363
1967
2622
1841
9009
1139
9656
391
6947
5262
4510
1186
8832
2910
5578
7062
2035
3339
1026
6444
2614
5007
6245
8107
5536
4104
8653
9842
1807
1624
9945
4630
9712
2848
1141
5291
3644
1721
6132
6125
8095
6256
1375
6212
1068
6422
540
8955
4953
8113
1355
8590
8294
5437
3924
1004
331
4924
4177
2135
8718
5675
1029
5725
9949
420
6705
9898
9737
4137
5535
3970
925
9944
6950
7280
2209
655
7864
10000
3016
2380
3693
9216
2732
788
5731
8168
9822
8647
2414
7598
6532
996
2863
1339
1201
7556
264
2169
8293
806
8724
9835
6154
69
7735
9812
256
8734
5239
3643
4002
5375
697
9764
7394
2667
970
5859
1613
3112
4367
9183
9861
4219
3304
4987
4628
5875
6377
4814
6620
5840
1420
599
2456
9165
8598
8781
2045
152
1630
5621
1548
896
3162
5678
998
2207
1723
4807
2899
2927
1439
2809
373
8874
6312
1172
962
4684
3032
2339
5819
8088
3185
7953
6973
5128
4241
6203
6605
6466
207
1299
9595
9114
3662
8771
6672
8793
5295
3649
8482
2189
4121
7898
4529
7155
4600
1229
3583
1853
2263
2603
9906
8784
8537
5505
8557
7350
8131
7098
3173
6985
4101
6845
2026
8051
5483
3370
3446
3007
6752
6828
9897
1392
2556
8685
4105
8188
7185
2365
8014
5877
5773
1154
4541
4030
3803
5926
2680
2922
3958
8778
4984
593
5000
8776
3686
5627
3091
6813
2462
425
8688
4093
5539
5997
7316
135
7016
2829
7651
6035
7341
6090
4853
6894
9757
4237
451
3398
7219
1032
7514
7233
9438
6647
7107
4668
4353
191
5565
205
716
8199
4909
7656
1678
1016
624
5229
3564
4606
3462
7027
6083
8120
9321
8806
3381
9193
7597
1231
9749
6326
3499
1402
3187
5784
7899
4252
5699
7256
3870
8494
2075
6351
1735
4812
7975
9709
8195
9715
7081
5283
5058
1575
5162
9692
7999
9371
7089
5853
3464
104
9414
3626
8628
8134
6477
1910
8787
6225
9745
1257
8233
7868
7063
2227
9482
4549
2783
932
1502
2790
7028
9395
7339
8480
9349
2191
6817
3721
4991
1185
9053
6432
863
5454
9066
9023
1060
2404
1981
9458
969
592
5722
118
5015
972
2609
3001
53
5026
3985
87
9537
5380
2232
4702
6016
7888
749
1045
3325
9215
9286
7817
4765
8124
7830
8064
4841
4092
3385
1594
1373
2571
7384
9605
3496
266
4430
360
7654
469
9043
445
7007
6608
1625
6507
7310
8589
6403
2348
4265
2973
3292
4635
7703
9020
3155
4179
1801
7029
413
3960
4964
4377
6826
138
2570
9342
6471
4638
4453
6820
8597
6452
6886
2148
2283
1290
1603
1730
6176
5481
929
3479
4271
4657
4355
6854
9452
3101
239
7541
1997
3826
1780
8864
5084
2553
4517
9860
5715
63
6512
3461
8780
1519
5745
3404
8489
2522
9
2502
7346
4959
8679
6941
3361
8304
1956
8949
3276
6261
4482
66
8644
6898
1487
8616
4033
6802
5212
7673
9319
3426
885
424
2930
1811
3190
7910
5472
9659
1904
7213
5596
8057
5315
6952
7395
2816
4399
5182
2077
7186
7364
1269
4712
8684
9433
5462
6678
7335
876
6262
4804
3962
7823
5772
7064
3399
9552
1343
5561
7145
4621
3013
1633
9976
1165
8318
1261
1578
5343
7682
4992
8608
7891
9416
5292
8317
4562
2391
490
7836
2224
8805
7951
6546
3200
2572
6987
9379
9372
3256
1968
750
2373
8672
1681
7325
6640
7026
5465
2266
3423
7229
2812
7073
7088
4333
6930
5566
6068
3667
240
2765
8927
9705
519
4518
7061
9578
7237
9021
9873
8868
8162
2904
6328
6292
5798
9273
7235
8989
7058
1393
9845
1149
8748
1434
7017
9490
848
6308
6252
3428
3774
2409
4889
7397
703
2534
7315
5948
8807
4409
3225
7705
5558
7271
97
1764
8895
8460
1878
5649
8067
7120
3999
5157
2860
6215
735
6738
6534
7852
3525
7294
1958
455
9337
4255
8649
9072
2482
2807
5110
5628
5802
4952
3718
9062
3210
7082
2506
2914
9510
571
9447
8768
4457
3069
9645
6669
3407
2054
1425
8379
453
5485
6305
422
5988
3673
5510
5075
4291
5551
246
9971
7361
565
5841
5260
9536
5443
1849
4862
4732
7843
4676
3728
8326
9663
6896
8219
5977
3511
632
8926
8436
6960
1353
2856
2891
7313
7263
8324
488
6038
3740
2543
8181
6175
554
9682
1041
3937
4619
695
2425
3912
574
4982
5243
6463
6754
5641
3294
2343
5226
614
9693
9471
6668
9077
569
3920
6064
8519
7290
3237
1338
4774
2298
900
2916
4017
5576
5409
7105
7505
3178
4542
527
4714
3152
5673
1798
5748
3768
3251
1127
8925
7647
1567
7644
3466
5828
5808
526
1877
4161
6166
5609
5980
9214
5651
6197
1834
5545
7079
3280
2532
513
931
4822
2106
3824
5589
4004
2902
5728
7212
520
5354
4419
305
5682
2811
2546
8517
7379
7300
6031
2758
8477
6211
4834
5958
1200
4544
2259
4115
9344
2805
3163
3608
1534
9479
4739
2030
33
9258
8191
9988
7423
385
7690
9646
159
3504
5616
6136
113
604
1369
1094
8930
5601
628
2563
4257
3034
2862
1591
8631
5031
4246
1053
5020
8715
8520
3724
3056
8607
411
2885
1614
5140
8076
5719
4204
7023
8800
4297
1642
5213
5148
4294
3888
1747
7482
5410
7222
329
859
5961
119
5650
2628
9612
8327
2818
4015
6962
7468
481
6567
679
2019
4437
944
8208
6548
3741
383
7824
4895
8205
8098
8235
8018
5111
2082
9252
6249
2161
7437
3410
4280
9531
1946
4826
381
1236
7331
4589
7140
6405
4722
4118
6260
4521
9995
5399
3709
4141
7856
6141
4942
7012
7334
2939
5949
958
4451
8420
43
9108
1498
8584
6935
1382
7387
8898
1508
4616
9652
3243
832
5871
5756
5532
6603
106
6938
4049
8726
5622
560
1673
8353
5018
1048
1079
6501
2484
9732
343
3027
50
5070
1996
6039
5600
8743
1806
5284
7075
9081
9723
1710
3184
8215
4136
4195
2181
5757
285
1883
3232
4615
8424
5579
3365
3360
7615
4618
4593
3132
8682
4347
2044
4513
3008
1494
7043
9736
6751
5146
4153
8457
2646
2673
6151
3809
8103
1693
9366
8390
8558
3801
6594
6113
6908
7546
4839
5201
5830
801
4138
5449
5506
8910
7014
298
2569
3116
7047
610
7382
4274
4321
9086
2383
7019
465
1089
2824
1308
7986
5042
9551
6791
7282
1860
3707
5707
5388
5206
6832
6780
2779
3192
8009
8081
1808
4433
3788
5076
555
7763
9998
4372
1759
1187
3483
5062
8193
6772
8160
6892
3972
1227
1151
5103
5151
2678
328
6758
1058
325
4007
2551
1680
4913
1503
5574
3628
3637
5509
9451
2787
1760
8774
6882
2679
2850
7877
8106
6557
5933
731
5394
4661
6697
578
175
7456
4156
9922
1722
5809
6143
9983
354
3949
7242
7509
7287
5780
8043
2915
61
5573
3534
3374
3195
2924
9121
1552
4402
8308
9462
1778
5254
1202
3405
1150
2466
8444
8912
5970
5263
7247
4488
5774
4945
2080
8323
6118
6858
5335
3020
5066
115
5331
815
2626
2845
4238
37
1941
2149
2124
7308
8929
4047
6986
2567
3579
4418
376
9691
1669
9182
1081
2029
4954
7010
4057
3907
9356
5235
3311
5379
8719
2853
8392
652
5584
2408
8893
351
4003
6636
3459
2229
3067
7396
254
8026
9529
8866
9789
6558
3614
7917
4691
9703
8459
2175
1842
1977
464
7197
5086
7246
640
7529
3580
5975
7980
1412
3019
2699
2342
9492
9739
3530
150
7976
7187
1063
5968
8574
508
196
6836
3679
4500
6917
7918
3150
83
2107
7588
9637
8845
5012
2193
677
7402
7825
6662
4441
8238
8857
4316
2748
1211
4444
7643
3595
4656
2103
9361
9859
6951
6043
1108
7150
1777
6627
746
7068
9368
4890
8745
2503
3089
8573
9716
9797
4561
3697
7995
9986
6080
2642
4555
3301
2491
7536
5149
267
9200
4939
2184
1031
4150
8689
6630
4447
5849
2182
6158
2677
6770
6122
3386
7209
4838
1988
2663
4051
217
4897
467
359
3923
539
188
6240
1044
5721
2217
9956
6423
141
2187
7873
2115
987
6991
4124
4670
3219
2004
723
7818
2034
3634
4980
9266
9980
1789
4790
7286
2329
4128
8869
566
6222
350
1918
5352
6611
6744
5073
3756
6234
3264
8797
1846
109
7289
1727
9073
4760
9421
4501
5720
4837
5101
666
4287
7192
5570
7590
1985
2588
1521
8411
9683
136
1482
3928
6815
948
3642
358
2002
2297
2464
8772
3145
4787
662
8661
1610
79
2061
7638
439
8586
335
4421
6769
7950
1888
7540
5169
181
9997
1561
9634
1319
9629
5894
8675
5611
4283
4401
6316
2498
8213
7702
2201
2147
8398
332
2835
1880
2919
1813
2057
2920
2113
6562
1632
2001
9276
2178
8247
5348
9632
1431
719
8481
6107
3902
9518
5303
7963
9849
6537
7568
2943
4975
6696
3546
8875
744
95
7493
9230
3378
2013
1588
6560
8873
1964
7669
3716
237
9959
7532
509
5941
6398
9603
268
9136
3285
7774
1118
7090
3246
3813
6709
3171
8695
6767
9175
8262
321
8634
9985
2815
3551
7426
1443
4848
5591
1238
6239
7312
5528
277
8512
4538
1078
8624
2865
1574
334
1278
3616
3095
9600
8623
9803
6634
6354
708
4349
6588
6420
2946
510
4363
7587
3711
5065
9484
4679
2093
3819
8828
8217
930
5895
2109
928
1170
3503
7935
7865
9431
5141
9950
6643
6508
6492
1419
4176
5209
4729
3792
2396
3512
5625
174
223
3003
5492
6614
2110
3169
5824
9390
8246
1398
9151
7196
7344
6788
4707
1994
9717
4595
8202
982
4025
1748
6885
3517
3321
4920
8192
7741
6554
5378
2390
3603
2702
9808
1143
8065
2884
4187
5060
103
4713
3863
9511
4846
8473
2252
7750
8569
908
7202
7544
3350
3454
756
5781
8541
3298
5793
2357
1612
2153
8383
590
8668
6400
3940
5582
8032
603
8591
2837
8939
7850
5989
1856
1609
8919
6692
7847
2906
9994
6879
6542
6756
4175
134
865
124
8996
8034
7579
9530
5353
9241
639
4933
7833
1023
5288
3557
8633
2064
544
1157
9359
1492
2798
6915
3791
9569
9137
4735
2975
449
458
7623
3835
8723
4641
3993
4043
4974
6317
830
9499
5404
7244
4260
1363
6149
4550
9110
1515
9308
8350
1705
7281
1683
2389
166
2160
500
9884
4861
272
9838
4994
8356
1214
1258
3494
1467
3675
6424
7278
4758
1995
5585
9146
168
4754
9396
7214
991
1636
6467
70
8404
3655
9331
418
989
2792
362
819
4830
704
1881
3108
7392
9811
2833
450
2806
5726
4522
8943
8382
3856
5692
2023
4869
4170
1476
9876
8998
5956
9109
6007
8207
5624
292
8865
8281
597
8691
4673
1435
8085
3808
1930
5306
233
8402
7516
110
247
5860
1533
4006
875
2715
440
5231
5351
4026
7971
3883
6042
5547
7352
4116
8016
6370
4851
1433
5502
1284
330
3424
766
1573
3189
7716
9769
404
4471
4532
4084
6773
4200
6682
9119
1092
491
1449
6327
5815
5362
2839
4891
2693
7979
2268
6408
8871
242
5072
5010
9038
9370
5419
4210
9238
4269
1784
1541
3983
6474
7585
4378
4755
5221
4921
7686
6891
5277
1826
905
151
7189
9631
2727
3229
8272
7207
836
6238
9788
2849
2344
2923
8112
6778
5856
6641
342
2326
6655
7373
9887
7545
9772
2316
3864
4046
2785
7448
3734
1852
9268
4648
2016
6129
7758
9977
3106
9762
3469
6559
8725
7525
6867
1477
6535
2525
9232
9150
1843
1426
4647
7946
6297
8759
9132
4573
1531
7635
6628
3196
3938
6019
6156
2581
1907
8329
2751
8666
9694
3690
4199
8849
1086
1540
6551
4205
9039
3578
253
1018
846
4736
3573
7171
6871
2372
2398
8128
6847
4143
2742
5265
5068
6406
7370
799
2060
3131
8615
7687
1220
866
9017
6632
6549
2206
7905
7356
7461
6324
9418
6914
1758
399
8687
7994
6030
7786
5420
1075
1
8896
2096
19
8516
7564
5253
8495
1580
4434
5301
1844
65
4054
9591
9289
8300
9975
9178
9305
9453
1783
6246
86
3506
4285
8288
229
5782
2696
4719
1546
315
5276
6921
76
1983
9504
7223
2310
3305
9675
7907
9561
1768
2278
5797
8464
9055
7684
3345
5750
6365
8646
1959
9579
9394
6932
1496
5228
9029
8921
6694
6792
786
9687
7691
3544
8025
8069
5166
6106
5403
4194
4196
9667
9729
1399
642
5152
4582
6449
5347
8339
8971
5468
4552
2846
1291
6060
4284
2740
5986
6303
8173
7711
7624
5100
8961
4622
6946
1464
3799
290
4799
8540
2170
5703
548
2088
6577
8302
7502
6255
5672
6285
2144
8987
7497
9853
8965
6171
3279
4925
3165
5269
5132
9303
4228
1042
304
6361
8761
8746
1999
4972
9348
3241
9190
6356
8681
3002
234
4396
5494
9992
9485
8640
3336
6332
5777
1524
8859
6966
300
3296
6188
611
8753
2486
395
5460
5694
4818
5332
2042
2827
7071
7689
7804
2552
2852
9355
7922
2580
3181
3651
1523
2568
9987
2561
1385
6523
5135
7208
4831
6200
6839
4362
3011
7552
8144
4422
2615
9678
3054
8534
1890
8448
637
3604
884
4652
9202
5145
6704
630
2886
5161
3593
8765
6196
726
617
9250
3261
2449
8841
7442
7409
3036
2487
5563
8524
1460
4268
7835
5965
5441
4223
2621
1298
3458
1247
9198
4744
2285
7992
6680
2585
8652
9263
4947
2089
3784
3474
1304
5083
4425
4319
7653
6447
2333
1182
2412
8680
4575
5987
9549
5401
8840
3099
55
3141
2429
4193
1795
8497
4390
2489
4614
9829
9476
6528
8023
1125
4181
7920
4374
3042
4896
7092
979
9457
59
5969
3625
9538
4018
1785
3908
1865
6967
3452
2868
6587
44
2690
7853
8891
5285
9776
817
7217
1626
2992
2981
1875
5400
5833
8312
9422
1012
904
5979
2437
2873
8021
3353
8110
2980
8282
770
7462
7106
5934
2417
6073
6581
6616
5861
515
3297
6956
5821
8109
117
1235
6742
9439
3273
4985
4147
9881
2583
7488
7275
4882
6103
3393
812
907
2419
1395
4803
1003
340
8433
4699
5740
4726
5043
3590
4273
156
6777
9657
6128
5550
4745
3858
3769
6905
8227
5078
9974
3545
8086
8713
8074
7956
2834
5873
7479
3742
5909
9522
573
6736
6445
8995
7604
9890
6
1337
5741
1646
209
1816
3258
9420
9281
1361
7388
3804
9505
2120
7195
3222
3943
1159
6116
6443
4798
9049
4811
2074
874
8015
5463
2605
9560
7498
6172
4304
5733
4835
2130
2133
2736
2406
2112
7916
6583
4944
4659
245
579
9621
6916
1571
6349
621
6543
2602
4098
4159
6621
9614
7566
2871
9002
818
9058
1422
2281
2595
5188
241
5369
4993
794
2032
8475
173
3172
3334
760
1637
7432
3935
6663
6585
9255
7292
5383
2869
631
4099
5604
2947
7802
2441
5187
1896
4337
6496
3976
9825
2363
3926
7729
2243
9527
850
6371
4292
9584
3691
3252
2118
5520
6369
8916
4901
6374
7232
9210
222
270
3820
7383
3144
93
177
7572
5668
3903
6307
5257
8287
8523
1259
2226
3335
9406
3800
1447
9141
7839
653
9389
45
8186
9748
14
5615
3624
3548
8405
4076
6079
6228
6868
9417
9473
2020
1770
1360
6870
9478
477
6014
3687
2142
5538
2225
2309
3086
6075
8049
1088
8463
6167
2453
3107
4317
4148
6919
3601
6648
2306
2086
3445
4557
3188
3289
9213
9089
5587
5305
4370
6740
5854
5051
3879
1726
661
3271
4403
5024
8437
8956
6531
8355
2841
2688
6219
4654
3729
3627
543
6367
3509
9278
6988
2063
257
6497
2635
774
3577
945
7680
7138
6071
5165
2068
84
1181
3664
2538
1839
3094
3720
2692
80
4305
1410
3010
5957
5829
2730
3947
158
503
403
1107
1391
6830
3836
5931
6877
3909
3887
8468
7559
6210
6819
8846
1879
8629
5316
7952
626
7819
4077
3760
7001
9156
2597
9671
3986
6041
7586
4884
1576
8514
8853
3500
9857
1192
3515
9475
5467
5623
6855
1731
137
8291
8276
1126
3330
9106
2195
9126
8061
6530
6598
1711
3199
6851
7085
7576
1635
8158
8892
9926
8958
4609
7074
6571
3045
6841
8140
4611
9243
8309
6095
6671
4071
186
857
9920
2613
7518
6789
6688
1927
5298
8357
384
1814
2630
3177
6426
7610
2650
3917
5323
3817
4535
4585
5448
7985
9467
4879
1038
5681
6693
5171
3584
7521
1490
2143
8338
9594
3364
8159
3017
42
7734
5499
7955
8310
4506
2623
1629
2200
9752
8438
5131
9221
9533
2458
9820
1436
2608
3018
1113
1335
3371
5126
7366
6843
8211
4689
8002
4338
3775
9170
9618
5424
5313
8138
8380
1405
1061
2714
8340
1279
4032
7434
1481
6298
1809
995
7403
2755
8231
1152
1316
3481
1825
9185
954
3572
9555
6556
4454
8915
6619
4854
643
1424
7163
5556
8306
6869
7745
3403
3602
7793
9464
1301
5952
6635
5917
5036
5430
5418
4134
5309
8630
6875
3471
6833
7178
6800
3922
8373
8686
612
5646
367
7766
3430
8170
5080
9469
2291
1198
6284
8320
8450
8775
3713
1556
1264
3848
9364
7484
1622
7605
9696
5928
6675
60
4823
3485
4493
6596
2393
9046
671
8395
2473
2139
4330
2255
2385
700
4873
988
5001
193
9680
7749
484
1354
8622
9064
6112
5123
5035
3905
9843
7849
1415
182
9149
7517
1297
4114
9606
8767
3758
2065
9973
1952
2659
5870
8704
4449
4275
1390
2078
1805
2410
8722
2186
1169
8779
9415
1763
9728
446
1779
5451
9351
2435
436
7439
7267
5011
1786
2617
2328
6055
9928
6301
8855
494
1686
862
2590
9387
1751
1840
2461
1665
3789
9496
6712
8237
9821
5271
9174
5789
1947
6364
990
2771
3384
248
7943
8827
2465
9498
2959
7685
6441
2188
7584
9139
6689
2457
2861
2205
4833
6823
5850
221
271
3286
492
6058
518
4904
8194
5310
4527
2500
1699
2072
6748
7097
9925
5548
1528
3933
8923
3878
1560
507
6992
9040
1991
1177
2843
3489
8894
5851
7025
9309
5218
8824
9846
4602
7376
1741
4620
8552
8834
4048
1650
3810
9747
3473
7327
6681
5389
6649
1670
92
3847
9293
8521
9269
6715
3755
3058
1739
8655
3941
1792
4135
2273
6120
935
4514
2632
6133
5032
7616
6345
7211
2971
2401
9285
2789
8101
8130
1955
6486
2803
5382
6448
5329
5631
1051
3918
1109
6134
1595
3414
6582
6127
871
4021
295
9653
4780
5571
2640
8068
7633
9839
4227
1598
5708
3555
4796
7053
7501
9940
589
4607
4546
7454
402
7878
2114
861
3295
2051
3389
3797
8507
224
6741
5290
6117
547
4198
706
1543
5893
5595
9197
7478
5185
5477
5192
9942
5992
9031
808
9025
5783
2761
2654
2598
8639
6475
142
9027
9374
7194
9730
5034
1322
6774
6595
2436
4999
4429
5976
5614
4027
3929
4797
3358
6337
3717
3984
401
8673
487
6259
2317
5500
587
1017
690
8727
5515
1428
5356
2392
6887
4646
4599
8447
5361
7162
2813
1423
1173
4951
7535
5522
5358
302
5252
8503
4123
872
5765
4061
3156
1097
1062
7110
3315
1611
2360
5810
6846
3041
100
8798
6469
9310
5686
1634
3456
2359
6977
937
999
6048
2332
6319
5785
7425
8435
6109
1615
6903
6404
9124
2084
2604
4356
8870
6566
1649
9707
7784
431
2381
5656
232
2560
6269
5887
9059
2007
6074
7829
8645
2162
208
3727
4783
4640
2645
7119
5718
9684
3526
8111
4242
8178
1448
336
6093
1040
3988
600
3480
9704
514
1432
7269
651
2439
6591
5753
6656
8786
5248
4320
495
7709
1992
534
9991
167
9004
2402
4387
9159
6331
3224
7550
6650
3952
4686
71
5314
736
4701
5805
5755
9862
4022
6003
3857
4865
3845
3770
654
5117
5648
5384
6130
1146
6698
3678
1287
2407
4256
2984
687
4300
7329
821
5119
9836
2901
348
9619
6102
4855
3359
6580
1820
3231
6989
4486
4824
1607
5057
5552
9640
9222
9516
6202
9519
73
6480
901
3559
8135
7276
6335
4795
5534
7714
3105
6808
623
2253
1163
8058
8007
2575
9032
6020
8403
6876
4626
2550
7124
7099
4120
7696
8230
379
5983
3514
4174
1341
9204
1274
9385
4781
5864
7602
7252
6575
5395
8150
442
8177
769
6852
363
7838
8829
406
1919
6972
4270
2490
8986
9233
6011
2223
9588
2292
7742
8671
685
5074
7790
2978
2962
4037
6339
8885
1701
5300
6904
8108
2637
852
4080
3255
4771
2085
5645
3832
6561
4840
5071
6514
3235
3501
5374
9084
9914
9924
6186
9425
6207
4090
9477
5366
7307
1416
6063
3762
7042
7481
6552
3049
4594
5744
197
9256
2460
6302
346
4604
8084
8773
5431
2058
3113
3072
1226
9761
6944
3406
9783
2222
2982
5803
7077
8024
8030
1119
6889
3974
8244
2689
9313
5524
7840
6766
6658
2648
7121
1831
9284
3290
8656
6717
2547
6996
2432
4645
24
5079
6910
5546
3130
6510
8385
4554
4231
5776
4460
2831
525
51
7205
877
7474
8944
5881
375
7095
7710
8757
8522
2240
772
4553
9167
9943
5029
1052
4898
6873
2468
9411
6322
9179
6550
7756
6928
1359
3606
1687
3638
5995
5855
3127
1788
4660
7496
1961
126
7391
5139
2641
9624
5
2246
5487
8982
9796
2338
228
828
1923
2668
5542
2864
732
2627
8823
5405
3043
8449
8937
1894
8877
2454
2917
4416
7695
1558
206
4520
2438
6685
7111
3581
9573
9896
9177
9306
2972
20
7201
7133
6670
7831
7837
9378
27
9188
5633
8216
9180
4576
9330
6279
993
9365
2773
1401
4277
7040
8760
3436
7884
5407
4738
7930
3380
6293
3861
7683
3771
3203
7969
5037
3605
4728
942
4394
3629
7736
9060
6375
2657
7151
4963
4979
7805
1886
5194
9753
2826
2979
3591
3592
6052
6384
3465
6376
8295
4742
8810
9455
8941
195
9710
4537
606
7050
1066
5416
5425
1682
9655
9960
9194
7770
1602
1270
5544
9494
1183
6330
4029
1583
1526
3676
5562
2749
1684
8972
434
3300
5417
536
9806
1275
4230
8240
1984
912
2720
8528
8530
8451
789
1345
2301
8080
8307
739
6372
1013
7753
8500
4001
909
4941
1544
1714
447
9969
1864
3587
9454
1664
9852
2537
8899
1617
517
2893
3372
1507
6794
6425
244
4052
7166
7405
5242
4733
3401
3387
8581
5147
7314
7666
3840
3052
6046
8093
4978
5514
4770
8650
46
2067
301
2433
3552
345
542
9353
5594
3249
7589
1980
6009
6037
6320
9160
7470
8935
5839
9130
737
2479
7726
6538
6818
5760
2024
4671
5473
6711
9296
2847
7760
9466
6727
9424
4224
2830
9773
9848
9166
4073
3356
1283
5702
4481
4208
3872
1084
5771
116
8270
6159
8606
2025
3310
7435
4357
6601
5888
7511
6363
1717
2952
3837
6703
2399
4325
5438
9339
1774
7465
6487
8809
6223
8413
8812
7440
5891
6056
8342
7881
2529
1675
5842
161
802
2150
8728
3168
1867
9543
2772
9575
705
4511
2907
1193
133
7190
3786
1966
4155
2128
2940
9915
6520
9952
6565
8283
7452
4693
1232
5660
4154
7663
9404
9872
258
864
7902
6545
6099
4678
4912
6759
219
5238
7475
8960
5620
8830
3412
2764
4406
4590
2995
7508
844
5390
3275
635
1077
8033
8852
9019
3783
8491
7390
6012
6699
5812
7962
3710
5090
5653
9790
6481
8063
3749
6584
3846
5247
8499
3302
8116
6336
3129
9984
1897
6521
6617
9669
4111
5137
4005
9681
9785
2669
3745
745
8546
4473
3772
3201
7522
9580
7338
1076
3612
2452
9894
9016
6412
6949
8669
9209
4723
9802
5608
2557
6652
47
8711
2312
9688
3661
2059
7375
8913
5857
4685
6208
3114
9251
7740
1962
5670
6500
4820
1483
2844
6380
2817
2335
8115
4759
2494
919
8476
8580
3250
6314
9346
4100
3636
4386
8625
5761
4496
2780
9218
2523
7000
2644
2375
5996
9706
3021
1516
7778
1922
1973
8908
742
8360
5944
1628
1489
5049
8654
2289
5723
2796
1688
927
6821
3455
5082
3793
7713
388
5967
7720
8814
8851
8835
4050
1590
8415
835
8527
9770
6018
7078
6730
8048
1123
192
3135
1720
3050
5742
3349
1873
1623
669
39
4412
3609
6968
6760
6250
3932
4411
2228
5913
627
6684
755
6866
607
8729
5581
9229
4962
1804
3751
3747
9767
5712
9083
3153
8141
4281
4031
3154
3785
7900
5879
7304
9203
9099
7009
5689
3281
7258
7776
6718
72
2422
7055
5852
5695
4495
2173
9158
5671
1122
1389
8313
5897
5762
7846
9000
4642
1696
5039
5910
8347
8604
9480
2767
6142
5186
8994
8820
3850
9904
9921
3140
9196
1821
5586
3981
9931
2647
7154
858
8637
1690
2555
8321
7964
8904
9428
2021
8142
4717
9689
5567
8401
4158
7091
426
826
8368
6379
2415
9780
2593
6589
1709
842
7548
8091
9091
7265
5397
2250
9635
4028
8410
2455
4625
2470
7200
961
8518
6907
3874
6274
773
6755
9679
307
4893
6360
8172
5234
4214
4258
4397
2768
5874
6948
7248
6047
827
8210
3844
9553
3700
711
5429
1772
2665
546
8509
4741
6646
4540
9502
5512
7031
5108
6091
8815
8166
9962
7317
6399
1568
7251
4038
1204
9907
8861
6459
4216
3781
4927
4393
5518
1700
9963
4708
1074
2671
2712
4505
3457
1855
282
386
5701
2196
4534
1131
5027
9078
951
7347
2540
8549
8706
6453
9048
7738
5759
2951
2485
2562
3063
7761
3392
7866
4361
4326
3712
4239
96
7146
4262
3048
2942
3176
4452
4692
3396
3326
9354
9001
777
3207
3322
1698
823
2190
9045
416
3357
8265
9813
2564
7427
6205
3505
4254
5202
2652
6355
1007
8239
8289
4849
743
9042
1666
9199
1197
2709
2022
6849
3449
966
2413
3738
7591
312
2643
3180
9726
4023
7944
1463
9008
2347
9604
5322
4490
2675
4863
3373
7991
8872
6476
1954
4221
3233
9102
3346
5844
7675
2300
3737
9946
1529
7464
4470
4965
1998
3121
1372
6395
2708
8882
7458
1039
9616
4087
476
7779
9323
8157
2167
8601
9294
2379
4892
6639
1130
1251
7410
5364
9314
7577
4650
7739
9854
7152
7725
5220
6077
870
9142
7869
3476
7489
5698
4089
1639
1527
2418
9850
8485
5838
9766
7455
4202
1511
6674
9905
2405
4117
7172
9195
5690
4339
4322
9489
7649
7422
3623
1349
1746
6666
7912
7
2999
2264
7892
6929
8189
4261
5951
3344
8801
146
438
3463
791
7022
7630
6181
1906
4568
6373
5898
4340
1914
9725
7268
9201
4688
6735
8060
5630
101
8839
7961
280
4821
1733
2352
4383
4295
5937
2804
2294
1596
1868
8906
5442
8429
8979
1465
6787
62
7693
7809
3482
8301
8744
7296
6290
2948
2928
6382
1001
4243
2478
5268
7477
1885
1168
2211
9056
2752
4940
9093
4215
5890
2245
5275
8817
8914
6622
1484
4405
7646
1501
9865
7261
4868
8148
1324
1243
297
7645
6213
1331
9674
5705
8303
3355
5225
2003
4633
2877
5063
7060
7528
1406
7871
665
5736
9082
9217
6431
2996
6613
916
6805
2731
8206
6731
1472
9958
3630
9799
9755
3126
5537
795
4222
2290
6729
1662
6920
738
3656
6409
8901
131
2612
3420
1704
7889
1729
2611
6005
5193
8260
6028
390
4314
9033
2681
1737
4358
3147
3450
7822
6615
4545
5867
5155
1924
1471
7925
7513
4024
3470
2573
5758
6036
288
3842
9162
8510
8667
5826
2672
8423
1288
